12
18
12
17
16
10
12
16
19
10
12
11
8
13
7
7
14
13
9
7
4
9
5
8
11
10
7
17
7
19
10
12
10
9
10
11
4
9
7
10
10
8
17
8
11
9
10
9
8
12
16
15
13
11
14
8
11
13
4
1
2
2
0
2
1
0
2
2
0
1
1
0
0
4
1
3
0
0
0
0
2
0
4
1
2
1
0
0
12
8
11
15
10
12
13
9
12
21
6
18
17
14
10
15
12
17
17
11
12
14
9
12
19
10
12
16
14
20
11
11
7
16
13
17
18
10
16
10
14
14
14
18
16
12
12
14
16
18
9
12
13
13
8
21
12
13
9
13
12
11
15
16
20
11
10
8
9
11
9
10
14
14
17
13
11
14
10
6
7
8
10
15
18
7
10
6
10
11
10
6
13
12
17
13
7
7
7
14
8
9
12
9
10
15
13
14
17
21
22
14
8
15
5
17
15
19
11
12
8
10
19
10
7
7
12
9
7
10
5
10
8
11
13
8
8
13
8
16
15
17
5
10
18
12
13
10
18
8
10
9
2
12
10
9
7
7
11
11
10
14
11
9
4
10
12
16
7
5
14
9
3
14
14
15
10
9
10
14
14
17
11
16
9
14
15
9
15
15
9
12
3
15
12
17
9
9
3
11
12
5
6
18
15
18
15
12
10
8
6
7
10
16
3
10
12
11
8
7
8
7
7
16
12
10
7
7
9
7
10
11
7
7
7
13
8
10
11
11
17
17
11
8
7
8
13
14
13
11
8
12
7
9
11
8
8
8
8
5
5
6
7
6
7
5
12
9
8
19
13
15
11
15
10
13
21
11
18
11
13
11
14
16
11
17
18
20
2
11
17
0
9
1
12
2
7
23
14
15
16
0
7
2
0
0
0
2
7
3
14
10
16
9
15
6
10
10
8
8
7
7
7
9
13
6
2
16
14
12
15
13
15
13
13
7
11
8
6
8
4
5
7
