0.2336
0.262
0.2448
0.3094
0.3193
0.1999
0.22
0.0796
0.1557
0.2128
0.16
0.143
0.1833
0.1695
0.1287
0.0999
0.1601
0.1712
0.2187
0.1523
0.1035
0.1692
0.3053
0.179
0.2137
0.0659
0.1499
0.0739
0.0593
0.2703
0.0443
0.1358
0.0709
0.0696
0.135
0.0694
0.0789
0.3665
0.102
0.117
0.186
0.2072
0.1613
0.226
0.2325
0.1629
0.1724
0.1875
0.3189
0.2791
0.2339
0.1009
0.3082
0.214
0.249
0.2307
0.1389
0.1347
0.2476
0.0762
0.1492
0.2289
0.1832
0.3749
0.2501
0.108
0.1689
0.1767
0.1699
0.1839
0.2938
0.2543
0.1728
0.2035
0.3133
0.139
0.3016
0.4816
0.0986
0.2278
0.2874
0.2745
0.0863
0.1173
0.1467
0.2529
0.1179
0.1872
0.1505
0.1406
0.1779
0.5362
0.4348
0.1964
0.6419
0.1476
0.3263
0.0719
0.1391
0.2733
0.2777
0.3616
0.0864
0.2349
0.1605
0.2027
0.1261
0.3025
0.1803
0.1453
0.1203
0.0726
0.3974
0.2071
0.15
0.2939
0.0524
0.18
0.3104
0.567
0.789
0.7115
0.4172
0.2128
0.202
0.1326
0.175
0.0601
0.1089
0.1089
0.184
0.2317
0.3029
0.9006
0.3659
0.2155
0.0833
0.112
0.087
0.1112
0.249
0.3442
0.2516
0.1056
0.3428
0.6917
0.4927
0.242
0.6344
0.4392
0.2241
0.1456
0.3657
0.4103
0.1432
0.1795
0.3226
0.9918
0.5237
0.197
0.1335
0.1827
0.6408
0.1407
0.0913
0.1929
0.103
0.2197
0.1921
0.1786
0.1525
0.1326
0.1805
0.2064
0.101
0.1737
0.1085
0.2776
0.12
0.1696
0.2071
0.1507
0.1265
0.236
0.1512
0.1518
0.0841
0.3139
0.2641
0.1633
0.0898
0.176
0.322
0.1356
0.1243
0.1839
0.1015
0.1392
0.1848
0.194
0.1956
0.0872
0.1707
0.1221
0.3323
0.2377
0.1818
0.2119
0.2283
0.2455
0.148
0.0994
0.154
0.2327
0.1999
0.1707
0.2899
0.3087
0.2443
0.1154
0.0894
0.0849
0.1476
0.1105
0.1001
0.1895
0.1788
0.0967
0.0897
0.1065
0.0825
0.0954
0.0879
0.149
0.4046
0.2401
0.3425
0.2998
0.3243
0.6639
0.1312
0.1486
0.4184
0.2411
0.1889
0.2761
0.2151
0.1941
0.2637
0.1208
0.0898
0.5143
0.1973
0.1672
0.1364
0.1863
0.1094
0.2005
0.2265
0.1173
0.0917
0.6017
0.0788
0.1706
0.392
0.0876
0.2571
0.197
0.0899
0.1906
0.1339
0.103
0.3601
0.2464
0.2846
0.6091
0.3148
0.2986
0.2567
0.1692
0.1637
0.1865
0.1029
0.1309
0.0722
0.2759
0.0806
0.2065
0.1559
0.3533
0.1253
0.065
0.1082
0.3555
0.3163
0.1681
0.239
0.4088
0.1199
0.3913
0.368
0.2169
0.1192
0.3053
0.3538
0.2123
0.1631
0.3476
0.4097
0.516
0.3305
0.1433
0.1539
0.5706
0.1299
0.4474
0.3032
0.1615
0.1233
0.2718
0.1701
0.1547
0.2514
0.1152
0.5905
0.4361
0.2424
0.1196
0.127
0.1374
0.1478
0.2677
0.2805
0.2255
0.198
0.104
0.1369
0.102
0.1791
0.2567
0.1672
0.2482
0.0726
0.2706
0.1185
0.2559
0.1843
0.1757
0.3315
0.125
0.1729
0.1419
0.4674
0.3419
0.4075
0.1688
0.3583
0.3556
0.2719
0.2177
0.1098
0.3044
0.1261
0.4677
0.2593
0.3859
0.1526
0.3224
0.2972
0.2564
0.3559
0.1609
0.305
0.3183
0.3092
0.2706
0.2201
0.0763
0.5614
0.1829
0.0757
0.0886
0.4234
0.1773
0.789
0.1903
0.1651
0.6801
0.3463
0.2975
0.1219
0.1451
0.0635
0.2583
0.1024
0.1553
0.2942
0.2082
0.0835
0.0911
0.1774
0.1845
0.1193
0.0982
0.1174
0.1714
0.1289
0.064
0.1187
0.2015
0.0993
0.1275
0.1059
0.1022
0.2194
0.171
0.1164
0.1615
0.1295
0.174
0.1493
0.0741
0.1059
0.1395
0.1259
0.1331
0.0858
0.1404
0.2065
0.2325
0.2266
