0050002
0050004
0050005
0050007
0050008
0050009
0050012
0050014
0050015
0050016
0050022
0050024
0050025
0050029
0050057
0050142
0050143
0050144
0050145
0050146
0050147
0050148
0050149
0050152
0050153
0050156
0050182
0050183
0050184
0050186
0050187
0050188
0050189
0050190
0050191
0050212
0050216
0050232
0050233
0050234
0050235
0050236
0050237
0050238
0050239
0050240
0050241
0050243
0050244
0050245
0050246
0050248
0050249
0050250
0050251
0050252
0050253
0050254
0050432
0050433
0050434
0050435
0050436
0050437
0050438
0050439
0050440
0050441
0050442
0050443
0050444
0050445
0050446
0050447
0050448
0050449
0050450
0050451
0050454
0050455
0050456
0050458
0050459
0050460
0050462
0050463
0050464
0050467
0050475
0050476
0050477
0050478
0050479
0050480
0050481
0050482
0050483
0050484
0050485
0050486
0050488
0050490
0050491
0050492
0050493
0050494
0050495
0050496
0050497
0050498
0050499
0050500
0050501
0050502
0050503
0050504
0050505
0050506
0050507
0050508
0050509
0050510
0050511
0050512
0050513
0050514
0050515
0050516
0050517
0050518
0050519
0050520
0050521
0050522
0050523
0050524
0050525
0050526
0050527
0050528
0050529
0050530
0050532
0050791
0050792
0050793
0050794
0050795
0050796
0050797
0050798
0050799
0050800
0050801
0050802
0050803
0050804
0050805
0050815
0050823
0050824
0050825
0050952
0050953
0050954
0050955
0050956
0050957
0050958
0050960
0050961
0050962
0050964
0050965
0050966
0050967
0050968
0050969
0050970
0050971
0050972
0050973
0050974
0050975
0050976
0050977
0050978
0050979
0050980
0050981
0050982
0050983
0050984
0050985
0050986
0050987
0050988
0050989
0050990
0050992
0050993
0050994
0050995
0050996
0050997
0050998
0050999
0051000
0051001
0051002
0051003
0051006
0051007
0051008
0051009
0051010
0051011
0051012
0051013
0051014
0051015
0051016
0051017
0051018
0051019
0051020
0051021
0051023
0051024
0051025
0051026
0051027
0051028
0051029
0051030
0051032
0051033
0051034
0051035
0051202
0051205
0051206
0051207
0051208
0051210
0051211
0051212
0051216
0051217
0051218
0051219
0051220
0051221
0051222
0051223
0051224
0051225
0051226
0051229
0051230
0051231
0051234
0051235
0051236
0051237
0051239
0051240
0051241
0051248
0051249
0051291
0051293
0051294
0051295
0051298
0051299
0051301
0051302
28754
28758
28761
28765
28768
28771
28778
28779
28787
28788
28789
28790
28791
28795
28796
28800
28802
28807
28808
28809
28810
28811
28816
28817
28824
28835
28934
28936
28940
29096
29099
29101
29103
29104
29105
29106
29107
29108
29109
29111
29112
29113
29114
29115
29116
29177
29178
29179
29181
29188
29189
29190
29191
29192
29193
29194
29195
29196
29197
29198
29199
29200
29201
29202
29203
29204
29205
29207
29208
29209
29210
29211
29212
29213
29216
29219
29220
29221
29222
29223
29273
29274
29275
29276
29277
29278
29281
29282
29283
29284
29285
29287
29288
29289
29291
29292
29293
29495
29496
29497
29498
29499
29500
29501
29502
29505
29506
29507
29509
29510
29511
29512
29513
29517
29523
29525
29526
29656
29657
29658
29659
29660
29661
29662
29664
29665
29666
29667
29668
29669
29670
29674
29675
29676
29677
29678
29679
29729
29730
29731
29732
29733
29734
29735
29738
29740
29794
29795
29796
29797
29798
29799
29800
